# Duplicate

> **Section**: 6.2.3.3.8.1  
> **PDF Pages**: 1447–1450  

---

<!-- page 1447 -->

```cpp
232. 248.] [  9.  25.  41.  57.  73.  89. 105. 121. 137. 153. 169. 185. 201. 217.  233. 249.] [ 10.  26.  42.  58.  74.  90. 106. 122. 138. 154. 170. 186. 202. 218.  234. 250.] [ 11.  27.  43.  59.  75.  91. 107. 123. 139. 155. 171. 187. 203. 219.  235. 251.] [ 12.  28.  44.  60.  76.  92. 108. 124. 140. 156. 172. 188. 204. 220.  236. 252.] [ 13.  29.  45.  61.  77.  93. 109. 125. 141. 157. 173. 189. 205. 221.  237. 253.] [ 14.  30.  46.  62.  78.  94. 110. 126. 142. 158. 174. 190. 206. 222.  238. 254.] [ 15.  31.  47.  63.  79.  95. 111. 127. 143. 159. 175. 191. 207. 223.  239. 255.]]
```

当输入输出为int32_t类型时，结果示例如下：

输入数据（src）：[[  0   1   2   3   4   5   6   7  ] [  8   9  10  11  12  13  14  15  ] [ 16  17  18  19  20  21  22  23  ] [ 24  25  26  27  28  29  30  31  ] [ 32  33  34  35  36  37  38  39  ] [ 40  41  42  43  44  45  46  47  ] [ 48  49  50  51  52  53  54  55  ] [ 56  57  58  59  60  61  62  63  ] [ 64  65  66  67  68  69  70  71  ] [ 72  73  74  75  76  77  78  79  ] [ 80  81  82  83  84  85  86  87  ] [ 88  89  90  91  92  93  94  95  ] [ 96  97  98  99  100 101 102 103 ] [ 104 105 106 107 108 109 110 111 ] [ 112 113 114 115 116 117 118 119 ] [ 120 121 122 123 124 125  126 127]]输出数据（dstGm）:[[ 0 8 16 24 32 40 48 56 64 72 80 88 96 104 112 120   ] [ 1 9 17 25 33 41 49 57 65 73 81 89 97 105 113 121   ]  [ 2 10 18 26 34 42 50 58 66 74 82 90 98 106 114 122  ] [ 3 11 19 27 35 43 51 59 67 75 83 91 99 107 115 123  ] [ 4 12 20 28 36 44 52 60 68 76 84 92 100 108 116 124 ]  [ 5 13 21 29 37 45 53 61 69 77 85 93 101 109 117 125 ] [ 6 14 22 30 38 46 54 62 70 78 86 94 102 110 118 126 ] [ 7 15 23 31 39 47 55 63 71 79 87 95 103 111 119 127 ]]

## 6.2.3.3.8 数据填充

## 6.2.3.3.8.1 Duplicate

产品支持情况

产品是否支持

Atlas 350 加速卡√

Atlas A3 训练系列产品/Atlas A3 推理系列产品√

Atlas A2 训练系列产品/Atlas A2 推理系列产品√

Atlas 200I/500 A2 推理产品√

Atlas 推理系列产品AI Core√

Atlas 推理系列产品Vector Corex

<!-- page 1448 -->

产品是否支持

Atlas 训练系列产品√

功能说明

将一个变量或立即数复制多次并填充到向量中。

针对Atlas 350 加速卡，为方便开发者使用，tensor前n个数据计算接口同时也支持直接传入Tensor，此时会将Tensor的第一个元素复制多次并填充到向量中。

函数原型

●tensor前n个数据计算

–源操作数为标量template <typename T>__aicore__ inline void Duplicate(const LocalTensor<T>& dst, const T& scalarValue, const int32_t& count)

–源操作数为Tensortemplate <typename T>__aicore__ inline void Duplicate(const LocalTensor<T>& dst, const LocalTensor<T>& src, const int32_t& count)

●tensor高维切分计算

–mask逐比特模式template <typename T, bool isSetMask = true>__aicore__ inline void Duplicate(const LocalTensor<T>& dst, const T& scalarValue, uint64_t mask[], const uint8_t repeatTime, const uint16_t dstBlockStride, const uint8_t dstRepeatStride)

–mask连续模式template <typename T, bool isSetMask = true>__aicore__ inline void Duplicate(const LocalTensor<T>& dst, const T& scalarValue, uint64_t mask, const uint8_t repeatTime, const uint16_t dstBlockStride, const uint8_t dstRepeatStride)

<!-- page 1449 -->

参数说明

表6-411模板参数说明

参数名描述

T操作数数据类型。

Atlas 350 加速卡，支持的数据类型为：bool、int8_t、uint8_t、fp4x2_e2m1_t、fp4x2_e1m2_t、 hifloat8_t、fp8_e5m2_t、fp8_e4m3fn_t、 fp8_e8m0_t、int16_t、uint16_t、half、bfloat16_t、int32_t、uint32_t、float、complex32、int64_t、uint64_t、complex64。

Atlas A3 训练系列产品/Atlas A3 推理系列产品，支持的数据类型为：int16_t、uint16_t、half、bfloat16_t、int32_t、uint32_t、float。

Atlas A2 训练系列产品/Atlas A2 推理系列产品，支持的数据类型为：int16_t、uint16_t、half、bfloat16_t、int32_t、uint32_t、float。

Atlas 200I/500 A2 推理产品，支持的数据类型为：int16_t、uint16_t、half、int32_t、uint32_t、float。

Atlas 推理系列产品AI Core，支持的数据类型为：int16_t、uint16_t、half、int32_t、uint32_t、float。

Atlas 训练系列产品，支持的数据类型为：int16_t、uint16_t、half、int32_t、uint32_t、float。

isSetMask是否在接口内部设置mask。

●true，表示在接口内部设置mask。

●false，表示在接口外部设置mask，开发者需要使用SetVectorMask接口设置mask值。这种模式下，本接口入参中的mask值必须设置为占位符MASK_PLACEHOLDER。

表6-412参数说明

参数名称输入/输出含义

dst输出目的操作数。

类型为LocalTensor，支持的TPosition为VECIN/VECCALC/VECOUT。

LocalTensor的起始地址需要32字节对齐。

scalarValue

输入被复制的源操作数，数据类型需与dst中元素的数据类型保持一致。

src输入类型为LocalTensor，支持的TPosition为VECIN/VECCALC/VECOUT。

数据类型需与dst中元素的数据类型保持一致。

当传入该参数时，会将src[0]复制多次并填充到向量中。

<!-- page 1450 -->

参数名称输入/输出含义

count输入参与计算的元素个数。

mask/mask[]

输入mask用于控制每次迭代内参与计算的元素。

●逐bit模式：可以按位控制哪些元素参与计算，bit位的值为1表示参与计算，0表示不参与。mask为数组形式，数组长度和数组元素的取值范围和操作数的数据类型有关。当操作数为16位时，数组长度为2，mask[0]、mask[1]∈[0, 264-1]并且不同时为0；当操作数为32位时，数组长度为1，mask[0]∈(0,264-1]；当操作数为64位时，数组长度为1，mask[0]∈(0, 232-1]。

例如，mask=[8, 0]，8=0b1000，表示仅第4个元素参与计算。

●连续模式：表示前面连续的多少个元素参与计算。取值范围和操作数的数据类型有关，数据类型不同，每次迭代内能够处理的元素个数最大值不同。当操作数为16位时，mask∈[1, 128]；当操作数为32位时，mask∈[1, 64]；当操作数为64位时，mask∈[1,32]。

repeatTime输入矢量计算单元，每次读取连续的8个datablock（每个block32Bytes，共256Bytes）数据进行计算，为完成对输入数据的处理，必须通过多次迭代（repeat）才能完成所有数据的读取与计算。repeatTime表示迭代的次数。

dstBlockStride

输入单次迭代内，矢量目的操作数不同datablock间地址步长。

dstRepeatStride

输入相邻迭代间，矢量目的操作数相同datablock地址步长。

约束说明

●操作数地址对齐要求请参见通用地址对齐约束。

●针对Atlas 350 加速卡，bool、int8_t、uint8_t、fp4x2_e2m1_t、fp4x2_e1m2_t、hifloat8_t、fp8_e5m2_t、fp8_e4m3fn_t、 fp8_e8m0_t、complex32、int64_t、uint64_t、complex64数据类型仅支持tensor前n个数据计算接口。

返回值说明

无

调用示例

●tensor高维切分计算样例-mask连续模式uint64_t mask = 128;half scalar = 18.0;// repeatTime = 2, 128 elements one repeat, 256 elements total// dstBlkStride = 1, no gap between blocks in one repeat
